24.8  24.8  26.5  27.4  27.8  27.9  27.9  27.9  27.9								
25.8  25.8  27.7  29.2  30.6  31.7  32.6  33.0  33.0								
15.6  15.6  15.6  18.7  20.9  22.5  23.7  23.7  23.7								
15.6  15.6  15.6  18.7  20.9  22.5  23.7  23.7  23.7								
24.8  24.8  26.5  27.4  27.8  27.9  27.9  27.9  27.9								
25.0  25.0  26.9  28.4  29.8  30.9  31.4  31.4  31.4								
14.1  14.1  14.1  17.2  19.4  21.0  22.1  22.1  22.1								
14.1  14.1  14.1  17.2  19.4  21.0  22.1  22.1  22.1								
22.8  22.8  24.4  25.3  25.7  25.9  25.9  25.9  25.9								
22.8  22.8  24.4  25.3  25.7  25.9  25.9  25.9  25.9								
14.1  14.1  14.1  17.2  19.4  21.0  22.1  22.1  22.1								
14.1  14.1  14.1  17.2  19.4  21.0  22.1  22.1  22.1								
21.0  21.0  22.6  23.5  23.9  23.9  23.9  23.9  23.9								
21.0  21.0  22.6  23.5  23.9  23.9  23.9  23.9  23.9								
14.1  14.1  14.1  17.2  19.4  21.0  22.1  22.1  22.1								
14.1  14.1  14.1  17.2  19.4  21.0  22.1  22.1  22.1								
25.3  25.3  25.3  27.2  27.7  27.8  27.8  27.8  27.8								
28.5  28.5  30.3  31.6  32.7  33.7  34.4  34.4  34.4								
22.6  22.6  23.2  24.4  25.3  26.1  26.7  26.7  26.7								
22.6  22.6  23.2  24.4  25.3  26.1  26.7  26.7  26.7								
25.3  25.3  25.3  27.2  27.7  27.8  27.8  27.8  27.8								
24.8  24.8  26.8  28.3  29.5  30.5  31.2  31.2  31.2								
22.6  22.6  23.2  24.4  25.3  26.1  26.7  26.7  26.7								
22.6  22.6  23.2  24.4  25.3  26.1  26.7  26.7  26.7								
24.5  24.5  24.5  26.3  26.8  26.9  26.9  26.9  26.9								
24.5  24.5  24.5  26.3  26.8  26.9  26.9  26.9  26.9								
21.0  21.0  21.7  22.8  23.8  24.6  25.2  25.2  25.2								
21.0  21.0  21.7  22.8  23.8  24.6  25.2  25.2  25.2								
22.9  22.9  22.9  24.5  24.9  25.0  25.0  25.0  25.0								
22.9  22.9  22.9  24.5  24.9  25.0  25.0  25.0  25.0								
21.0  21.0  21.7  22.8  23.8  24.6  25.0  25.0  25.0								
21.0  21.0  21.7  22.8  23.8  24.6  25.0  25.0  25.0								
16.4  16.4  17.8  18.4  18.5  18.6  18.6  18.6  18.6								
17.3  17.3  18.7  19.9  21.0  21.9  22.8  23.2  23.2								
10.4  10.4  10.4  12.2  12.7  12.8  12.8  12.8  12.8								
10.4  10.4  10.4  12.2  12.7  12.8  12.8  12.8  12.8								
16.4  16.4  17.8  18.4  18.5  18.6  18.6  18.6  18.6								
17.0  17.0  18.4  19.6  20.7  21.6  22.1  22.1  22.1								
 9.8   9.8   9.8  11.5  12.0  12.1  12.1  12.1  12.1								
 9.8   9.8   9.8  11.5  12.0  12.1  12.1  12.1  12.1								
15.0  15.0  16.4  17.0  17.1  17.2  17.2  17.2  17.2								
15.0  15.0  16.4  17.0  17.1  17.2  17.2  17.2  17.2								
 9.8   9.8   9.8  11.5  12.0  12.1  12.1  12.1  12.1								
 9.8   9.8   9.8  11.5  12.0  12.1  12.1  12.1  12.1								
14.0  14.0  15.4  16.0  16.1  16.1  16.1  16.1  16.1								
14.0  14.0  15.4  16.0  16.1  16.1  16.1  16.1  16.1								
 9.8   9.8   9.8  11.5  12.0  12.1  12.1  12.1  12.1								
 9.8   9.8   9.8  11.5  12.0  12.1  12.1  12.1  12.1								
16.4  16.4  16.4  17.8  18.6  18.9  19.0  19.0  19.0								
18.8  18.8  19.8  21.0  22.0  22.9  23.6  23.6  23.6								
14.7  14.7  15.3  16.3  17.1  17.7  18.3  18.3  18.3								
14.7  14.7  15.3  16.3  17.1  17.7  18.3  18.3  18.3								
16.4  16.4  16.4  17.8  18.6  18.9  19.0  19.0  19.0								
16.4  16.4  17.9  19.2  20.2  21.1  21.8  21.8  21.8								
14.7  14.7  15.3  16.3  17.1  17.7  18.3  18.3  18.3								
14.7  14.7  15.3  16.3  17.1  17.7  18.3  18.3  18.3								
16.0  16.0  16.0  17.4  18.2  18.5  18.6  18.6  18.6								
16.0  16.0  16.0  17.4  18.2  18.5  18.6  18.6  18.6								
14.1  14.1  14.7  15.7  16.5  17.1  17.7  17.7  17.7								
14.1  14.1  14.7  15.7  16.5  17.1  17.7  17.7  17.7								
15.2  15.2  15.2  16.4  16.9  17.0  17.2  17.2  17.2								
15.2  15.2  15.2  16.4  16.9  17.0  17.2  17.2  17.2								
14.1  14.1  14.7  15.7  16.5  17.0  17.2  17.2  17.2								
14.1  14.1  14.7  15.7  16.5  17.0  17.2  17.2  17.2								
